/////////////////////////////////////////////////////
2 6 5
8 0 7
1 4 3
/////////////////////////////////////////////////////
3 7 5
1 2 8
0 4 6
/////////////////////////////////////////////////////
0 4 3
1 2 8
7 5 6
/////////////////////////////////////////////////////
8 7 0
1 3 2
6 4 5
/////////////////////////////////////////////////////
4 7 2
8 0 6
5 1 3
/////////////////////////////////////////////////////
5 8 0
3 6 2
1 4 7
/////////////////////////////////////////////////////
5 4 1
7 6 3
8 2 0